Jm = 0.0003;
dm = 0.00001;