% Jm = 0.0003;
% dm = 0.00001;
% real motor
Jm = 0.0104;
dm = 0.0068;