Jm = 0.03;
dm = 0.4;